{"vertexJointWeights":[{"0":1},{"0":1},{"0":1},{"0":1},{"0":1},{"0":1},{"0":1},{"0":1},{"0":1},{"0":1},{"0":1},{"0":1},{"0":1},{"0":1},{"0":1},{"0":1},{"0":1},{"0":1},{"0":1},{"0":1},{"0":1},{"0":1},{"0":1},{"0":1},{"0":1},{"0":1},{"0":1},{"0":1},{"0":1},{"0":1},{"0":1},{"0":1},{"0":1},{"0":1},{"0":1},{"0":1},{"0":1},{"0":1},{"0":1},{"0":1},{"0":1},{"0":1},{"4":0.0779975,"5":0.6095308,"10":0.3124716},{"4":0.06849426,"5":0.6006715,"10":0.3308343},{"4":0.06956326,"5":0.6148493,"10":0.3155874},{"4":0.0648905,"5":0.6231668,"10":0.3119426},{"4":0.06356024,"5":0.6144658,"10":0.3219739},{"4":0.06483829,"5":0.6001637,"10":0.334998},{"4":0.06106048,"5":0.6024388,"10":0.3365007},{"4":0.06096374,"5":0.6156194,"10":0.3234168},{"4":0.05944806,"5":0.6145913,"10":0.3259606},{"4":0.05806368,"5":0.6004795,"10":0.3414568},{"4":0.05880975,"5":0.5959095,"10":0.3452808},{"4":0.05706292,"5":0.6010577,"10":0.3418793},{"4":0.07794684,"5":0.6110169,"10":0.3110362},{"4":0.07746934,"5":0.6041196,"10":0.3184111},{"4":0.07421219,"5":0.6060162,"10":0.3197717},{"4":0.06713068,"5":0.5994201,"10":0.3334491},{"4":0.07430523,"5":0.604461,"10":0.3212338},{"4":0.07001149,"5":0.6192536,"10":0.3107349},{"4":0.06765007,"5":0.6207025,"10":0.3116475},{"4":0.06897735,"5":0.6145715,"10":0.3164511},{"4":0.06445801,"5":0.6208687,"10":0.3146733},{"4":0.06467658,"5":0.6056409,"10":0.3296826},{"4":0.06241071,"5":0.5972338,"10":0.3403554},{"4":0.06101405,"5":0.5967907,"10":0.3421952},{"4":0.06538647,"5":0.6098345,"10":0.324779},{"4":0.06438815,"5":0.6010712,"10":0.3345407},{"4":0.06274557,"5":0.6216338,"10":0.3156205},{"4":0.06422466,"5":0.6173593,"10":0.318416},{"4":0.06096237,"5":0.6160116,"10":0.3230261},{"4":0.06166273,"5":0.6212233,"10":0.317114},{"4":0.06037211,"5":0.5995781,"10":0.3400497},{"4":0.06034117,"5":0.6059608,"10":0.333698},{"4":0.05945956,"5":0.5977348,"10":0.3428056},{"4":0.06083095,"5":0.6078883,"10":0.3312807},{"4":0.05987852,"5":0.6162471,"10":0.3238744},{"4":0.0582475,"5":0.6060402,"10":0.3357121},{"4":0.05781632,"5":0.596828,"10":0.3453557},{"4":0.05827212,"5":0.6008338,"10":0.340894},{"4":0.05718111,"5":0.597212,"10":0.3456068},{"4":0.05852198,"5":0.6069265,"10":0.3345515},{"4":0.05770576,"5":0.6063067,"10":0.3359875},{"4":0.05687427,"5":0.5998452,"10":0.3432805},{"12":1},{"12":1},{"12":1},{"12":1},{"12":1},{"12":1},{"12":1},{"12":1},{"12":1},{"12":1},{"12":1},{"12":1},{"12":1},{"12":1},{"12":1},{"12":1},{"12":1},{"12":1},{"12":1},{"12":1},{"12":1},{"12":1},{"12":1},{"12":1},{"12":1},{"12":1},{"12":1},{"12":1},{"12":1},{"12":1},{"12":1},{"12":1},{"12":1},{"12":1},{"12":1},{"12":1},{"12":1},{"12":1},{"12":1},{"12":1},{"12":1},{"12":1},{"13":1},{"13":1},{"13":1},{"13":1},{"13":1},{"13":1},{"13":1},{"13":1},{"13":1},{"13":1},{"13":1},{"13":1},{"13":1},{"13":1},{"13":1},{"13":1},{"13":1},{"13":1},{"13":1},{"13":1},{"13":1},{"13":1},{"13":1},{"13":1},{"13":1},{"13":1},{"13":1},{"13":1},{"13":1},{"13":1},{"13":1},{"13":1},{"13":1},{"13":1},{"13":1},{"13":1},{"13":1},{"13":1},{"13":1},{"13":1},{"13":1},{"13":1},{"6":0.5301085,"10":0.3673745,"11":0.102517},{"6":0.5268082,"10":0.3721019,"11":0.1010899},{"6":0.5308889,"10":0.3619673,"11":0.1071439},{"6":0.5358464,"10":0.3537327,"11":0.1104209},{"6":0.5309004,"10":0.3619191,"11":0.1071805},{"6":0.5268128,"10":0.3720769,"11":0.1011102},{"6":0.5276157,"10":0.3592059,"11":0.1131784},{"6":0.5320419,"10":0.3470631,"11":0.1208951},{"6":0.5320471,"10":0.3470109,"11":0.120942},{"6":0.5276309,"10":0.3591118,"11":0.1132573},{"6":0.5258923,"10":0.3652128,"11":0.108895},{"6":0.5280686,"10":0.3426219,"11":0.1293094},{"6":0.5307103,"10":0.3651761,"11":0.1041135},{"6":0.528094,"10":0.3712101,"11":0.1006959},{"6":0.5284003,"10":0.3683382,"11":0.1032615},{"6":0.5265017,"10":0.3735435,"11":0.09995484},{"6":0.5280954,"10":0.3712027,"11":0.1007018},{"6":0.5339241,"10":0.3598417,"11":0.1062341},{"6":0.5344756,"10":0.3565496,"11":0.1089748},{"6":0.5307142,"10":0.3651615,"11":0.1041243},{"6":0.5344856,"10":0.356523,"11":0.1089914},{"6":0.528408,"10":0.3683005,"11":0.1032915},{"6":0.5259466,"10":0.3709229,"11":0.1031305},{"6":0.5259506,"10":0.3709009,"11":0.1031485},{"6":0.5290337,"10":0.3616629,"11":0.1093034},{"6":0.5269233,"10":0.3678205,"11":0.1052562},{"6":0.535243,"10":0.350108,"11":0.114649},{"6":0.532842,"10":0.3536857,"11":0.1134722},{"6":0.5328578,"10":0.3536282,"11":0.1135139},{"6":0.5352492,"10":0.3500863,"11":0.1146644},{"6":0.5269348,"10":0.3677567,"11":0.1053084},{"6":0.5290499,"10":0.3615772,"11":0.1093729},{"6":0.5263762,"10":0.3623985,"11":0.1112253},{"6":0.5295974,"10":0.3493025,"11":0.1211},{"6":0.5333389,"10":0.3459422,"11":0.120719},{"6":0.5296056,"10":0.349219,"11":0.1211754},{"6":0.5263853,"10":0.3623437,"11":0.1112711},{"6":0.5276827,"10":0.3470467,"11":0.1252706},{"6":0.5266609,"10":0.3498097,"11":0.1235294},{"6":0.5298359,"10":0.3428506,"11":0.1273134},{"6":0.529838,"10":0.3428174,"11":0.1273445},{"6":0.5276878,"10":0.3469933,"11":0.1253188},{"4":1},{"4":1},{"4":1},{"4":1},{"4":1},{"4":1},{"4":1},{"4":1},{"4":1},{"4":1},{"4":1},{"4":1},{"4":1},{"4":1},{"4":1},{"4":1},{"4":1},{"4":1},{"4":1},{"4":1},{"4":1},{"4":1},{"4":1},{"4":1},{"4":1},{"4":1},{"4":1},{"4":1},{"4":1},{"4":1},{"4":1},{"4":1},{"4":1},{"4":1},{"4":1},{"4":1},{"4":1},{"4":1},{"4":1},{"4":1},{"4":1},{"4":1},{"0":0.5,"1":0.5},{"0":0.5,"1":0.5},{"0":0.5,"1":0.5},{"0":0.5,"1":0.5},{"0":0.5,"1":0.5},{"0":0.5,"1":0.5},{"0":0.5,"1":0.5},{"0":0.5,"1":0.5},{"0":0.5,"1":0.5},{"0":0.5,"1":0.5},{"0":0.5,"1":0.5},{"0":0.5,"1":0.5},{"0":0.5,"1":0.5},{"0":0.5,"1":0.5},{"0":0.5,"1":0.5},{"0":0.5,"1":0.5},{"0":0.5,"1":0.5},{"0":0.5,"1":0.5},{"0":0.5,"1":0.5},{"0":0.5,"1":0.5},{"0":0.5,"1":0.5},{"0":0.5,"1":0.5},{"0":0.5,"1":0.5},{"0":0.5,"1":0.5},{"0":0.5,"1":0.5},{"0":0.5,"1":0.5},{"0":0.5,"1":0.5},{"0":0.5,"1":0.5},{"0":0.5,"1":0.5},{"0":0.5,"1":0.5},{"0":0.5,"1":0.5},{"0":0.5,"1":0.5},{"0":0.5,"1":0.5},{"0":0.5,"1":0.5},{"0":0.5,"1":0.5},{"0":0.5,"1":0.5},{"0":0.5,"1":0.5},{"0":0.5,"1":0.5},{"0":0.5,"1":0.5},{"0":0.5,"1":0.5},{"0":0.5,"1":0.5},{"0":0.5,"1":0.5},{"7":1},{"7":1},{"7":1},{"7":1},{"7":0.9970188,"8":0.002981185},{"7":0.993331,"8":0.006668925},{"7":1},{"7":1},{"7":1},{"7":0.9794371,"8":0.02056294},{"7":0.9932503,"8":0.006749749},{"7":0.9985429,"8":0.001457095},{"7":1},{"7":1},{"7":1},{"7":0.9996549,"8":0.000345104},{"7":0.9996985,"8":0.000301561},{"7":1},{"7":1},{"7":1},{"7":1},{"7":0.993913,"8":0.006086885},{"7":1},{"7":0.9913356,"8":0.008664309},{"7":1},{"7":1},{"7":1},{"7":1},{"7":0.9983138,"8":0.001686155},{"7":1},{"7":0.9810335,"8":0.01896649},{"7":0.99029,"8":0.009709954},{"7":1},{"7":1},{"7":1},{"7":0.9931626,"8":0.006837368},{"7":0.9764811,"8":0.02351891},{"7":1},{"7":0.9947472,"8":0.005252778},{"7":1},{"7":0.9997203,"8":0.00027971},{"7":0.9906058,"8":0.009394168},{"9":1},{"9":1},{"9":1},{"9":1},{"9":1},{"9":1},{"9":1},{"9":1},{"8":0.01471215,"9":0.9852878},{"9":1},{"9":1},{"9":1},{"9":1},{"9":1},{"9":1},{"9":1},{"9":1},{"9":1},{"9":1},{"9":1},{"9":1},{"9":1},{"9":1},{"9":1},{"9":1},{"9":1},{"9":1},{"9":1},{"9":1},{"9":1},{"9":1},{"9":1},{"9":1},{"9":1},{"8":0.036749,"9":0.963251},{"9":1},{"9":1},{"8":0.05808591,"9":0.941914},{"9":1},{"9":1},{"9":1},{"8":0.0814529,"9":0.918547},{"8":1},{"8":1},{"8":1},{"8":1},{"0":0.001399576,"8":0.8581633,"9":0.1404371},{"8":1},{"8":1},{"8":1},{"0":0.0000877737,"8":0.8591281,"9":0.1407842},{"8":0.8542901,"9":0.1457099},{"8":1},{"8":1},{"8":1},{"8":1},{"8":1},{"8":1},{"8":1},{"8":1},{"8":1},{"0":0.000362027,"8":0.999638},{"0":0.002983629,"8":0.8586777,"9":0.1383386},{"0":0.0000305,"8":0.8582953,"9":0.1416742},{"8":1},{"8":1},{"8":1},{"8":1},{"8":1},{"8":1},{"0":0.002777516,"8":0.8568106,"9":0.1404117},{"0":0.000380897,"8":0.8609476,"9":0.1386716},{"8":1},{"0":0.001025497,"8":0.8562239,"9":0.1427505},{"8":1},{"8":1},{"8":0.861036,"9":0.138964},{"0":0.0000289838,"8":0.85601,"9":0.1439611},{"8":1},{"8":1},{"8":1},{"8":1},{"8":0.8576289,"9":0.1423711},{"8":1},{"3":1},{"3":1},{"3":1},{"3":1},{"3":1},{"3":1},{"3":1},{"3":1},{"3":1},{"3":1},{"3":1},{"3":1},{"3":1},{"3":1},{"3":1},{"3":1},{"3":1},{"3":1},{"3":1},{"3":1},{"3":1},{"3":1},{"3":1},{"3":1},{"3":1},{"3":1},{"3":1},{"3":1},{"3":1},{"3":1},{"3":1},{"3":1},{"3":1},{"3":1},{"3":1},{"3":1},{"3":1},{"3":1},{"3":1},{"3":1},{"3":1},{"3":1},{"10":0.3540866,"11":0.6459134},{"10":0.346788,"11":0.653212},{"10":0.3473768,"11":0.6526232},{"10":0.3481028,"11":0.6518973},{"10":0.3446634,"11":0.6538826,"12":0.001453995},{"10":0.3397221,"11":0.65041,"12":0.009867846},{"10":0.332208,"11":0.667792},{"10":0.3324964,"11":0.6675037},{"10":0.3360681,"11":0.6639319},{"10":0.33436,"11":0.6637253,"12":0.001914739},{"10":0.3343744,"11":0.6656256},{"10":0.3266934,"11":0.6733067},{"10":0.3538144,"11":0.6461857},{"10":0.3528608,"11":0.6471391},{"10":0.3487609,"11":0.6512392},{"10":0.3468486,"11":0.6521609,"12":0.000990515},{"10":0.3494971,"11":0.6482094,"12":0.002293527},{"10":0.3530784,"11":0.6469216},{"10":0.3491293,"11":0.6508708},{"10":0.3504697,"11":0.6492195,"12":0.000310825},{"10":0.3482457,"11":0.6517544},{"10":0.3413298,"11":0.651044,"12":0.007626295},{"10":0.3367795,"11":0.6632204},{"10":0.3394094,"11":0.6579738,"12":0.002616763},{"10":0.3347998,"11":0.6652002},{"10":0.3352351,"11":0.664765},{"10":0.3368424,"11":0.6631575},{"10":0.3352128,"11":0.6647872},{"10":0.341526,"11":0.658474},{"10":0.3425155,"11":0.6574845},{"10":0.3354331,"11":0.655598,"12":0.008969008},{"10":0.3386809,"11":0.6585209,"12":0.002798318},{"10":0.3324901,"11":0.6675099},{"10":0.3315856,"11":0.6684144},{"10":0.3316934,"11":0.6683066},{"10":0.3348741,"11":0.6651259},{"10":0.3333278,"11":0.665907,"12":0.000765275},{"10":0.3267027,"11":0.6732973},{"10":0.328687,"11":0.671313},{"10":0.3269518,"11":0.6730483},{"10":0.3296558,"11":0.6703442},{"10":0.3305388,"11":0.6694613},{"0":0.1183751,"10":0.8816249},{"0":0.09235441,"10":0.9076457},{"0":0.08410567,"10":0.9158944},{"0":0.09109222,"10":0.9089078},{"0":0.1165973,"10":0.8834027},{"0":0.1226478,"10":0.8773522},{"0":0.07937127,"10":0.9206287},{"0":0.07902395,"10":0.9209761},{"0":0.09037095,"10":0.9096291},{"0":0.1031765,"10":0.8965288,"11":0.000294566},{"0":0.09160244,"10":0.9083976},{"0":0.08453536,"10":0.9154647},{"0":0.09565341,"10":0.9043465},{"0":0.1027717,"10":0.8972283},{"0":0.08748364,"10":0.9125163},{"0":0.1051411,"10":0.8948588},{"0":0.1260812,"10":0.8739188},{"0":0.101625,"10":0.898375},{"0":0.08693563,"10":0.9130644},{"0":0.1229654,"10":0.8770346},{"0":0.1024734,"10":0.8975266},{"0":0.1258742,"10":0.8741257},{"0":0.09125113,"10":0.9087489},{"0":0.1035388,"10":0.8964612},{"0":0.07983219,"10":0.9201679},{"0":0.083597,"10":0.916403},{"0":0.08287274,"10":0.9171273},{"0":0.07961499,"10":0.920385},{"0":0.1007633,"10":0.8992367},{"0":0.08981138,"10":0.9101886},{"0":0.1167219,"10":0.883278},{"0":0.1124547,"10":0.8875452},{"0":0.08376169,"10":0.9162383},{"0":0.07773846,"10":0.9222615},{"0":0.08307081,"10":0.9169292},{"0":0.09718936,"10":0.9028107},{"0":0.09842544,"10":0.9015745},{"0":0.08050274,"10":0.9194972},{"0":0.08734142,"10":0.9126586},{"0":0.08030658,"10":0.9196934},{"0":0.08684366,"10":0.9131563},{"0":0.09206295,"10":0.9031634,"11":0.004773557},{"10":0.03137761,"11":0.01662874,"15":0.865275,"17":0.08671867},{"10":0.02767449,"11":0.01646125,"15":0.8665797,"17":0.08928436},{"10":0.02728027,"11":0.01706045,"15":0.8701306,"17":0.08552861},{"10":0.0280897,"11":0.01515483,"15":0.8714169,"17":0.08533847},{"10":0.02872717,"11":0.0147345,"15":0.8697355,"17":0.08680289},{"10":0.02780705,"11":0.01491117,"15":0.8674212,"17":0.08986049},{"10":0.02540117,"11":0.01453304,"15":0.8743422,"17":0.08572351},{"10":0.02551728,"11":0.01402217,"15":0.875947,"17":0.08451348},{"10":0.02612286,"11":0.01372241,"15":0.8749455,"17":0.08520925},{"10":0.02625465,"11":0.01380807,"15":0.87283,"17":0.08710724},{"10":0.0258097,"11":0.01409161,"15":0.8719306,"17":0.08816802},{"10":0.02493238,"11":0.01327496,"15":0.8765869,"17":0.08520573},{"10":0.02911114,"11":0.01916033,"15":0.8657606,"17":0.08596783},{"10":0.03056955,"11":0.01700353,"15":0.8647969,"17":0.08762991},{"10":0.0276224,"11":0.01953619,"15":0.8662644,"17":0.08657699},{"10":0.02794587,"11":0.01551175,"15":0.8663185,"17":0.09022384},{"10":0.02941703,"11":0.01570343,"15":0.8666596,"17":0.08821988},{"10":0.03077161,"11":0.01613336,"15":0.8672676,"17":0.08582723},{"10":0.02786278,"11":0.01610475,"15":0.8707506,"17":0.08528178},{"10":0.03052961,"11":0.01548153,"15":0.8671638,"17":0.08682495},{"10":0.02865344,"11":0.01496857,"15":0.8704074,"17":0.08597052},{"10":0.02839928,"11":0.01485878,"15":0.8684383,"17":0.08830368},{"10":0.02648025,"11":0.01496696,"15":0.8683676,"17":0.09018516},{"10":0.0266714,"11":0.01447254,"15":0.868426,"17":0.09042996},{"10":0.02614384,"11":0.01582866,"15":0.8724766,"17":0.08555084},{"10":0.02630674,"11":0.01572871,"15":0.8707543,"17":0.08721017},{"10":0.02655416,"11":0.01456975,"15":0.8740919,"17":0.08478409},{"10":0.02622401,"11":0.0151478,"15":0.8737727,"17":0.08485537},{"10":0.02725511,"11":0.01420569,"15":0.8725714,"17":0.08596771},{"10":0.0269432,"11":0.01429098,"15":0.8735772,"17":0.0851885},{"10":0.02696108,"11":0.01428282,"15":0.8695657,"17":0.0891903},{"10":0.02727442,"11":0.01422804,"15":0.871351,"17":0.0871464},{"10":0.02545708,"11":0.01421689,"15":0.8734311,"17":0.08689486},{"10":0.02524781,"11":0.01417952,"15":0.8757671,"17":0.08480548},{"10":0.02567028,"11":0.01370322,"15":0.8759759,"17":0.08465057},{"10":0.02612954,"11":0.01366817,"15":0.8742565,"17":0.08594572},{"10":0.02591878,"11":0.01382547,"15":0.8725504,"17":0.08770525},{"10":0.02491468,"11":0.0136286,"15":0.8761757,"17":0.08528083},{"10":0.02517843,"11":0.01353985,"15":0.8749609,"17":0.08632081},{"10":0.02497708,"11":0.01344269,"15":0.8769718,"17":0.08460837},{"10":0.02530974,"11":0.01333445,"15":0.8763358,"17":0.08501994},{"10":0.02542245,"11":0.01340484,"15":0.8751689,"17":0.08600383},{"16":1},{"16":1},{"16":1},{"16":1},{"16":1},{"16":1},{"16":1},{"16":1},{"16":1},{"16":1},{"16":1},{"16":1},{"16":1},{"16":1},{"16":1},{"16":1},{"16":1},{"16":1},{"16":1},{"16":1},{"16":1},{"16":1},{"16":1},{"16":1},{"16":1},{"16":1},{"16":1},{"16":1},{"16":1},{"16":1},{"16":1},{"16":1},{"16":1},{"16":1},{"16":1},{"16":1},{"16":1},{"16":1},{"16":1},{"16":1},{"16":1},{"16":1},{"17":1},{"17":1},{"17":1},{"17":1},{"17":1},{"17":1},{"17":1},{"17":1},{"17":1},{"17":1},{"17":1},{"17":1},{"17":1},{"17":1},{"17":1},{"17":1},{"17":1},{"17":1},{"17":1},{"17":1},{"17":1},{"17":1},{"17":1},{"17":1},{"17":1},{"17":1},{"17":1},{"17":1},{"17":1},{"17":1},{"17":1},{"17":1},{"17":1},{"17":1},{"17":1},{"17":1},{"17":1},{"17":1},{"17":1},{"17":1},{"17":1},{"17":1},{"10":0.03874909,"11":0.2733747,"13":0.001951456,"14":0.5312072,"15":0.1547175},{"10":0.03633737,"11":0.2755167,"13":0.002421796,"14":0.5314097,"15":0.1543143},{"10":0.03597289,"11":0.2783841,"13":0.000984333,"14":0.5315672,"15":0.1530915},{"10":0.03686684,"11":0.274326,"13":0.001012802,"14":0.5315459,"15":0.1562485},{"10":0.0382241,"11":0.2698714,"13":0.001766979,"14":0.5314379,"15":0.1586995},{"10":0.03746312,"11":0.2701518,"13":0.004093229,"14":0.5309469,"15":0.1573449},{"10":0.03544104,"11":0.2755391,"13":0.000983168,"14":0.5327128,"15":0.1553238},{"10":0.03557515,"11":0.2746954,"13":0.000608929,"14":0.5324159,"15":0.1567045},{"10":0.03625029,"11":0.2685064,"13":0.000944705,"14":0.5319436,"15":0.1623551},{"10":0.0364682,"11":0.2675446,"13":0.001665174,"14":0.5317812,"15":0.1625408},{"10":0.03599798,"11":0.2699666,"13":0.001907467,"14":0.5322141,"15":0.1599138},{"10":0.03554517,"11":0.2681829,"13":0.000875983,"14":0.5329161,"15":0.1624798},{"10":0.03692132,"11":0.2768316,"13":0.001420378,"14":0.5313201,"15":0.1535065},{"10":0.03723013,"11":0.2750918,"13":0.002377986,"14":0.5311778,"15":0.1541222},{"10":0.03612071,"11":0.2777259,"13":0.001502037,"14":0.5314906,"15":0.1531606},{"10":0.0369578,"11":0.271921,"13":0.004724979,"14":0.5307768,"15":0.1556192},{"10":0.03868818,"11":0.2715218,"13":0.002902269,"14":0.5310781,"15":0.1558096},{"10":0.03760248,"11":0.2745587,"13":0.001379966,"14":0.5313481,"15":0.1551107},{"10":0.03635632,"11":0.2770584,"13":0.0009279,"14":0.5315128,"15":0.1541445},{"10":0.03899526,"11":0.2713546,"13":0.001926898,"14":0.531279,"15":0.1564441},{"10":0.03811705,"11":0.2714212,"13":0.001359939,"14":0.5314785,"15":0.1576233},{"10":0.03827065,"11":0.2698718,"13":0.002533674,"14":0.5312728,"15":0.1580509},{"10":0.03613489,"11":0.2732778,"13":0.002376914,"14":0.5318242,"15":0.1563861},{"10":0.0366429,"11":0.2703746,"13":0.002922296,"14":0.5315373,"15":0.1585229},{"10":0.03554236,"11":0.2780334,"13":0.000918599,"14":0.5319793,"15":0.1535262},{"10":0.03573608,"11":0.2763396,"13":0.001505076,"14":0.532034,"15":0.1543852},{"10":0.03603696,"11":0.2750395,"13":0.00072599,"14":0.5318441,"15":0.1563533},{"10":0.03564155,"11":0.2775859,"13":0.000684299,"14":0.5319082,"15":0.15418},{"10":0.03708887,"11":0.2690308,"13":0.001304745,"14":0.5316495,"15":0.160926},{"10":0.03661805,"11":0.2709782,"13":0.00095769,"14":0.5317481,"15":0.159698},{"10":0.0370326,"11":0.2690646,"13":0.002523958,"14":0.5314895,"15":0.1598893},{"10":0.03721153,"11":0.2684943,"13":0.001792132,"14":0.5315665,"15":0.1609355},{"10":0.03568857,"11":0.2721346,"13":0.001402616,"14":0.5332975,"15":0.1574767},{"10":0.03538316,"11":0.2757179,"13":0.000679867,"14":0.5326675,"15":0.1555514},{"10":0.03584587,"11":0.270499,"13":0.000705971,"14":0.5322632,"15":0.1606857},{"10":0.03634411,"11":0.2673838,"13":0.001224279,"14":0.5318706,"15":0.1631773},{"10":0.03619349,"11":0.2681293,"13":0.001833796,"14":0.5319395,"15":0.1619038},{"10":0.03547108,"11":0.2713254,"13":0.000872331,"14":0.5339373,"15":0.1583939},{"10":0.03567379,"11":0.2685096,"13":0.001263022,"14":0.5326616,"15":0.1618918},{"10":0.03552836,"11":0.270869,"13":0.000662391,"14":0.53371,"15":0.1592303},{"10":0.03576964,"11":0.2677228,"13":0.000835556,"14":0.5324068,"15":0.1632652},{"10":0.03588193,"11":0.2670253,"13":0.001193165,"14":0.5322089,"15":0.1636906}],"jointNamePositionIndex":{"Torso":0,"Chest":1,"Bone_002":2,"Head":3,"Upper_Arm_L":4,"Lower_Arm_L":5,"Hand_L":6,"Upper_Arm_R":7,"Lower_Arm_R":8,"Hand_R":9,"Upper_Leg_L":10,"Lower_Leg_L":11,"Upper_Leg_R":12,"Lower_Leg_R":13,"Foot_L":14,"Toe_L":15,"Foot_R":16,"Toe_R":17},"keyframes":{"0":[[0.885655,-0.464344,0,0,0.464344,0.885655,0,0,0,0,1,0,0.811928,3.297165,-0.355164,1],[0.885655,-0.464344,0,0,0.464344,0.885655,0,0,0,0,1,0,0.811928,3.297165,-0.355164,1],[0.885655,-0.464344,0,0,0.464344,0.885655,0,0,0,0,1,0,0.811929,3.297164,-0.35516,1],[0.885655,-0.451756,-0.107387,0,0.464344,0.861646,0.204821,0,0,-0.231266,0.972891,0,0.811928,5.704258,0.70237,1],[0.615582,-0.781568,-0.101053,0,0.543403,0.51383,-0.663846,0,0.570765,0.35374,0.74101,0,-2.584005,2.67261,3.394479,1],[-0.319699,-0.893464,0.315462,0,-0.055561,-0.314684,-0.947569,0,0.945889,-0.320464,0.050962,0,4.202136,9.56893,4.797586,1],[-0.279661,-0.86999,0.406088,0,-0.653085,-0.137656,-0.744669,0,0.703754,-0.473464,-0.52968,0,5.211823,10.22159,7.26206,1],[0.925191,-0.230555,0.301441,0,0.379383,0.54194,-0.749913,0,0.009533,0.808175,0.588866,0,0.533529,-5.85222,2.350739,1],[0.495957,0.49145,-0.715894,0,-0.624583,-0.370856,-0.687285,0,-0.60326,0.787999,0.123023,0,7.688673,-8.178066,10.194532,1],[0.633771,0.576847,-0.515347,0,0.167523,-0.752781,-0.636598,0,-0.755163,0.317124,-0.573726,0,8.198868,-5.585475,13.811321,1],[0.999493,0.031146,0.007751,0,-0.031543,0.910254,0.412815,0,0.005789,-0.41287,0.910778,0,-0.098471,1.588564,0.043955,1],[0.999492,0.031146,0.007751,0,-0.031996,0.951324,0.30649,0,0.002162,-0.306597,0.95184,0,-0.086189,1.228274,-0.093277,1],[0.992749,0.026411,-0.117336,0,-0.082408,0.859807,-0.503899,0,0.087591,0.509942,0.855745,0,-0.297963,-2.530081,1.190564,1],[0.992749,0.026411,-0.117336,0,-0.019721,0.998139,0.057578,0,0.118637,-0.054845,0.991422,0,-0.404039,-0.621091,0.722332,1],[0.952452,-0.304249,-0.016378,0,0.30251,0.937854,0.170053,0,-0.036379,-0.166922,0.985299,0,0.237898,3.78157,0.104101,1],[0.958137,-0.28631,-0.000001,0,0.28631,0.958137,-0.000001,0,0.000002,0.000001,1,0,0.171405,3.603309,-0.141919,1],[0.763153,-0.646213,0.002339,0,0.646215,0.763155,-0.000124,0,-0.001705,0.001606,0.999997,0,0.961113,3.570362,-0.014674,1],[0.760952,-0.648808,-0.000007,0,0.648808,0.760952,0,0,0.000005,-0.000005,1,0,0.975987,3.58551,-0.000022,1]],"3":[[0.997975,0.013386,0.062176,0,-0.016312,0.998772,0.04679,0,-0.061473,-0.04771,0.996968,0,0.521421,0.18582,-0.118618,1],[0.999872,0.016006,0.000268,0,-0.015995,0.998215,0.057536,0,0.000653,-0.057533,0.998343,0,0.010737,0.245769,0.311309,1],[0.999872,0.016006,0.000268,0,-0.015995,0.998215,0.057536,0,0.000653,-0.057533,0.998343,0,0.010737,0.245768,0.311313,1],[0.999872,0.016006,0.000268,0,-0.015995,0.998216,0.057536,0,0.000653,-0.057533,0.998343,0,0.010737,0.245768,0.311313,1],[0.960235,-0.190312,-0.204278,0,0.148471,0.96772,-0.203651,0,0.236442,0.165224,0.957495,0,-2.066729,-0.196536,2.574556,1],[0.728061,-0.585963,-0.355773,0,0.495038,0.80842,-0.318424,0,0.474199,0.055711,0.878654,0,-1.793422,4.737876,4.784392,1],[0.731591,-0.612074,-0.300232,0,0.488379,0.7778,-0.395618,0,0.475668,0.142804,0.867956,0,-1.842207,4.510083,4.220117,1],[0.957069,0.133772,0.257145,0,-0.167082,0.979527,0.112293,0,-0.23686,-0.150437,0.959826,0,2.679516,0.493886,-0.816723,1],[0.744355,0.274012,0.608977,0,-0.524171,0.804755,0.278593,0,-0.41374,-0.52658,0.742653,0,5.148652,2.976158,-0.648944,1],[0.745869,0.378819,0.547883,0,-0.517573,0.847363,0.118721,0,-0.419282,-0.37212,0.828088,0,5.177585,1.745731,-0.986083,1],[0.998752,-0.034898,-0.035716,0,0.041498,0.977871,0.205044,0,0.02777,-0.206281,0.9781,0,0.025645,1.436253,0.756125,1],[0.998752,-0.034898,-0.035716,0,0.03807,0.994988,0.092461,0,0.032311,-0.093709,0.995075,0,0.010338,1.055033,0.700507,1],[0.996513,-0.082908,0.009404,0,0.054379,0.559872,-0.826767,0,0.06328,0.82445,0.562424,0,-0.153247,-3.939251,2.629117,1],[0.996513,-0.082908,0.009404,0,0.083251,0.995448,-0.046396,0,-0.005514,0.047023,0.998879,0,0.079083,-1.315513,1.13951,1],[0.988648,0.146397,0.033824,0,-0.123646,0.664795,0.736722,0,0.085368,-0.73254,0.67535,0,0.084362,0.278094,0.271027,1],[0.99255,0.121835,-0.000019,0,-0.121835,0.99255,0.000002,0,0.000019,0.000001,1,0,0.079007,0.476654,-0.033059,1],[0.996634,-0.080726,0.014255,0,0.07094,0.936471,0.343497,0,-0.041079,-0.341329,0.939046,0,0.11407,-0.958157,1.063039,1],[0.992546,-0.117025,-0.034009,0,0.121867,0.953112,0.276996,0,-0.000001,-0.279076,0.960269,0,0.160838,-0.739744,1.313394,1]],"5":[[0.971499,0.223909,0.077815,0,-0.213409,0.969054,-0.124058,0,-0.103185,0.103916,0.989219,0,0.809836,-2.201674,-0.489073,1],[0.971499,0.223909,0.077815,0,-0.219723,0.973786,-0.058844,0,-0.088951,0.040069,0.99523,0,0.695118,-1.690056,-0.529006,1],[0.971499,0.223909,0.077815,0,-0.219723,0.973786,-0.058844,0,-0.088951,0.040069,0.99523,0,0.695119,-1.690057,-0.529002,1],[0.989423,-0.012736,0.144499,0,0.052789,0.959448,-0.276899,0,-0.135113,0.281598,0.949972,0,1.069317,-2.617431,-0.516388,1],[0.953921,0.123518,-0.273457,0,-0.190556,0.953353,-0.23411,0,0.231784,0.275431,0.93296,0,-2.337779,-3.155874,3.139917,1],[0.893731,0.09962,-0.437403,0,-0.169364,0.977803,-0.123358,0,0.415405,0.184329,0.890765,0,-3.191387,-2.210178,5.062872,1],[0.893731,0.09962,-0.437403,0,-0.169364,0.977803,-0.123358,0,0.415405,0.18433,0.890765,0,-3.191385,-2.210179,5.062872,1],[0.619415,0.784703,0.023768,0,-0.019805,0.045885,-0.99875,0,-0.784814,0.618171,0.043962,0,9.491085,-10.153188,9.654882,1],[0.687162,0.635453,-0.352148,0,0.027439,-0.50707,-0.861468,0,-0.725986,0.582305,-0.365875,0,8.721367,-8.951345,14.365434,1],[0.687162,0.635453,-0.352149,0,0.307001,-0.693296,-0.65199,0,-0.658452,0.339913,-0.671491,0,8.311962,-7.490803,16.202095,1],[0.957513,0.22155,0.184619,0,0.070447,0.441074,-0.894678,0,-0.279657,0.869724,0.406714,0,1.865509,-6.321987,1.877512,1],[0.957513,0.221549,0.184619,0,-0.260644,0.938793,0.225218,0,-0.123417,-0.263791,0.956657,0,1.342166,-2.494259,-0.001642,1],[0.998935,-0.043209,0.016345,0,0.046002,0.961834,-0.269731,0,-0.004067,0.270204,0.962795,0,0.083708,-1.4461,0.04586,1],[0.998935,-0.043209,0.016344,0,0.037322,0.96347,0.265175,0,-0.027199,-0.264305,0.964062,0,0.162128,0.362644,0.032902,1],[0.964012,0.265848,-0.00236,0,-0.265849,0.964015,-0.000213,0,0.002218,0.000833,0.999997,0,1.1766,-3.0967,1.509904,1],[0.963096,0.26916,-0.000021,0,-0.26916,0.963095,-0.000002,0,0.00002,0.000008,1,0,1.182394,-3.123523,1.491358,1],[0.991834,-0.097511,-0.082207,0,0.112493,0.972567,0.203615,0,0.060097,-0.2112,0.975594,0,0.106859,0.649302,0.651062,1],[1,0.000008,0.000002,0,-0.000008,1,0.000004,0,-0.000002,-0.000004,1,0,0.000068,0.000334,0.000396,1]],"0.4166666":[[0.2729,-0.962043,0,0,0.962043,0.2729,0,0,0,0,1,0,5.162923,6.831177,-0.143536,1],[0.2729,-0.962043,0,0,0.962043,0.2729,0,0,0,0,1,0,5.162923,6.831177,-0.143535,1],[0.2729,-0.962043,0,0,0.962043,0.2729,0,0,0,0,1,0,5.162922,6.831176,-0.143532,1],[0.28203,-0.953377,-0.107387,0,0.944628,0.256371,0.204821,0,-0.167741,-0.159206,0.972891,0,6.908832,8.488252,0.913996,1],[-0.173066,-0.984534,-0.027217,0,0.375523,-0.040414,-0.925931,0,0.910512,-0.170468,0.376709,0,0.238357,8.864358,6.713659,1],[-0.638625,-0.383188,0.667327,0,-0.658608,-0.176333,-0.731534,0,0.397988,-0.906683,-0.13976,0,9.532962,8.689758,3.687194,1],[-0.55851,-0.396069,0.728832,0,-0.822421,0.378931,-0.424306,0,-0.108123,-0.836386,-0.537372,0,11.672087,8.406714,5.379262,1],[0.555007,-0.829775,0.058664,0,0.248242,0.097905,-0.963738,0,0.793942,0.549444,0.260322,0,-3.934785,0.734546,7.314268,1],[0.302497,-0.021405,-0.95291,0,-0.933023,0.19772,-0.300625,0,0.194845,0.980025,0.039838,0,2.478912,-6.056358,12.871143,1],[0.53262,-0.062576,-0.844039,0,-0.67052,-0.639732,-0.375694,0,-0.516449,0.766047,-0.382692,0,6.096099,-4.641641,15.102179,1],[0.695871,-0.71552,0.061718,0,0.291684,0.203035,-0.934689,0,0.656308,0.66844,0.349984,0,-1.748112,1.22648,2.960628,1],[0.695871,-0.71552,0.061718,0,0.342667,0.406301,0.847021,0,-0.631184,-0.568281,0.527925,0,2.607913,5.408229,2.329601,1],[0.963242,-0.258893,0.072015,0,0.268012,0.905766,-0.328193,0,0.019743,0.335434,0.941857,0,0.80504,0.593987,-0.254771,1],[0.963242,-0.258893,0.072015,0,0.268332,0.941286,-0.204774,0,-0.014772,0.216574,0.976154,0,0.92183,0.99563,-0.372835,1],[0.957143,-0.289606,-0.002372,0,0.289606,0.957146,-0.000116,0,0.002304,-0.000576,0.999997,0,-0.044227,1.345292,2.628683,1],[0.95814,-0.2863,-0.000023,0,0.2863,0.95814,-0.000001,0,0.000023,-0.000006,1,0,-0.053691,1.319372,2.609999,1],[0.336873,-0.941547,0.002334,0,0.94155,0.336874,-0.000008,0,-0.000778,0.0022,0.999997,0,4.629093,5.593123,-0.014504,1],[0.333675,-0.942688,0.000015,0,0.942688,0.333675,0,0,-0.000005,0.000014,1,0,4.649484,5.598756,-0.000092,1]],"0.8333333":[[-0.731216,-0.682146,0,0,0.682146,-0.731216,0,0,0,0,1,0,12.292846,4.843716,-1.095862,1],[-0.731216,-0.682146,0,0,0.682146,-0.731216,0,0,0,0,1,0,12.292846,4.843716,-1.095861,1],[-0.731216,-0.682146,0,0,0.682146,-0.731216,0,0,0,0,1,0,12.292845,4.843716,-1.095858,1],[0.404811,-0.908073,-0.107387,0,0.90277,0.378225,0.204821,0,-0.145376,-0.179859,0.972891,0,5.798261,8.402365,-0.03833,1],[-0.783569,-0.620708,-0.027218,0,0.253762,-0.279742,-0.925931,0,0.56712,-0.732439,0.376709,0,7.355521,11.324574,5.761338,1],[-0.512893,-0.857437,-0.041743,0,0.658023,-0.361451,-0.660574,0,0.551313,-0.366273,0.749599,0,4.533882,10.865149,2.821903,1],[-0.553789,0.306162,0.774328,0,0.129844,-0.886819,0.443501,0,0.822471,0.346148,0.451357,0,3.371527,-6.603791,-4.644673,1],[-0.905353,-0.424477,-0.012466,0,0.242027,-0.491646,-0.836485,0,0.34894,-0.760331,0.547848,0,10.077028,10.742194,3.868167,1],[-0.939225,-0.336347,-0.06876,0,0.330928,-0.833731,-0.442018,0,0.091344,-0.437908,0.894367,0,12.199867,8.022256,1.152532,1],[-0.991766,-0.115944,0.054391,0,-0.026622,-0.228782,-0.973114,0,0.125271,-0.966549,0.223811,0,12.150288,10.564535,4.839991,1],[0.829122,-0.548341,0.109265,0,0.308321,0.285372,-0.907434,0,0.46639,0.786076,0.405671,0,-2.682149,-0.567483,1.323747,1],[0.829122,-0.54834,0.109265,0,0.538036,0.729377,-0.42245,0,0.151942,0.409065,0.899768,0,-1.621782,0.701119,-0.356133,1],[0.874762,-0.484611,-0.001543,0,0.471011,0.849496,0.237585,0,-0.113823,-0.208554,0.971365,0,2.940144,4.655859,-0.944665,1],[0.874762,-0.484611,-0.001543,0,0.289977,0.520905,0.802814,0,-0.388238,-0.702727,0.596196,0,3.871694,6.333457,0.315738,1],[0.386548,-0.787877,-0.479407,0,0.922269,0.330738,0.200082,0,0.000919,-0.519484,0.85448,0,1.950224,3.566991,4.223763,1],[0.389716,-0.787954,-0.476707,0,0.920935,0.333444,0.201726,0,0.000004,-0.517632,0.855603,0,1.924312,3.568845,4.202943,1],[0.336877,-0.913037,-0.229951,0,0.941548,0.326482,0.083047,0,-0.00075,-0.244487,0.969652,0,6.692425,8.628112,1.58057,1],[0.333677,-0.913564,-0.232508,0,0.942687,0.32337,0.082295,0,0.000004,-0.246643,0.969106,0,6.712835,8.629981,1.596124,1]],"1.25":[[0.559849,-0.820282,-0.117074,0,0.828595,0.554232,0.079103,0,0,-0.141293,0.989968,0,3.125382,6.656381,-1.401444,1],[0.562925,-0.80438,0.189971,0,0.817749,0.575422,0.013295,0,-0.120008,0.147865,0.9817,0,4.062714,4.231723,-3.523754,1],[0.562925,-0.80438,0.189971,0,0.817749,0.575422,0.013295,0,-0.120008,0.147865,0.9817,0,4.062713,4.231722,-3.523751,1],[0.872263,-0.407196,0.270831,0,0.477506,0.828718,-0.291917,0,-0.105575,0.383952,0.917297,0,1.706505,-1.134486,-3.406103,1],[0.348035,-0.936948,-0.031619,0,0.89327,0.341669,-0.292115,0,0.284501,0.073422,0.95586,0,1.844185,6.205135,-1.242182,1],[0.137151,-0.981669,-0.132349,0,0.836617,0.186335,-0.515123,0,0.530341,-0.040076,0.846836,0,2.059739,7.635364,0.753689,1],[0.213062,-0.316436,-0.924377,0,0.768559,0.638438,-0.041406,0,0.60326,-0.701616,0.379226,0,0.761362,4.071463,12.538849,1],[0.155973,-0.987696,-0.011343,0,-0.181684,-0.0174,-0.983203,0,0.970909,0.155415,-0.182163,0,-3.849789,5.517242,9.636477,1],[-0.404613,-0.812779,-0.419141,0,0.568959,0.135088,-0.811195,0,0.715943,-0.566694,0.40778,0,0.067397,10.405686,6.575385,1],[-0.908894,-0.315116,-0.273155,0,0.115516,0.439139,-0.890962,0,0.40071,-0.841344,-0.36273,0,3.415249,10.627855,10.793883,1],[0.766152,-0.604911,0.217024,0,0.149423,-0.160758,-0.975585,0,0.625082,0.779908,-0.03278,0,-1.885217,-0.0373,1.565497,1],[0.766152,-0.604911,0.217024,0,0.63683,0.66915,-0.382978,0,0.086466,0.431641,0.897895,0,-0.070452,1.127776,-1.5935,1],[0.469461,-0.033318,0.88233,0,0.334663,0.931432,-0.142869,0,-0.817094,0.362341,0.44842,0,8.167651,-1.002603,-4.652368,1],[0.469461,-0.033318,0.88233,0,-0.654267,0.65786,0.372953,0,-0.592926,-0.752396,0.287041,0,7.425104,2.774085,-4.114625,1],[0.992127,-0.125212,-0.002317,0,0.125212,0.99213,-0.000069,0,0.002307,-0.000221,0.999997,0,-1.664836,-2.390349,-0.03504,1],[0.992546,-0.121869,-0.000002,0,0.121869,0.992546,0,0,0.000002,0,1,0,-1.669701,-2.416849,-0.053486,1],[0.999989,-0.002933,0.003645,0,-0.001781,0.481841,0.876257,0,-0.004326,-0.876254,0.481831,0,3.418388,2.744063,1.039921,1],[1,0.000008,-0.000043,0,0.000037,-0.683807,0.729664,0,-0.000023,-0.729663,-0.683806,0,3.418265,1.922904,1.303731,1]],"1.666667":[[1,0,0,0,0,0.979138,0.203197,0,0,-0.203197,0.979138,0,-1.650699,-0.886181,-0.921568,1],[0.95273,-0.229372,0.199232,0,-0.015748,0.617598,0.786336,0,-0.303409,-0.752304,0.584792,0,1.111436,5.09221,0.89316,1],[0.95273,-0.229372,0.199232,0,-0.015748,0.617598,0.786336,0,-0.303409,-0.752304,0.584792,0,1.11144,5.092207,0.893161,1],[0.981515,-0.11026,-0.156434,0,0.076661,0.975434,-0.206521,0,0.175363,0.190711,0.965856,0,-4.260734,-5.930317,-0.706649,1],[0.967111,-0.21489,-0.136086,0,0.254031,0.788967,0.559464,0,-0.012856,-0.575633,0.817607,0,-2.016473,3.138103,1.54081,1],[-0.727623,0.683207,-0.061593,0,0.117774,0.212874,0.969956,0,0.675792,0.698508,-0.235356,0,9.691028,-15.63783,8.870252,1],[-0.370967,0.41277,0.831869,0,0.678328,-0.49135,0.546302,0,0.634235,0.76694,-0.097719,0,5.892736,-12.976867,-2.079577,1],[0.332561,0.720469,0.608546,0,-0.044808,0.656616,-0.752893,0,-0.942017,0.223115,0.250647,0,11.004305,-10.030439,2.621814,1],[-0.507035,0.835139,0.21321,0,-0.749034,-0.304543,-0.588389,0,-0.426454,-0.458036,0.779961,0,10.793139,-4.607387,-0.008551,1],[0.17698,0.983999,0.020622,0,-0.531394,0.11317,-0.839531,0,-0.828431,0.137622,0.542919,0,11.247992,-8.622974,1.97278,1],[0.998657,0.04433,-0.026806,0,-0.047271,0.56818,-0.821514,0,-0.021187,0.821737,0.569518,0,-1.521722,-6.797692,1.585446,1],[0.998657,0.04433,-0.026806,0,-0.040983,0.992573,0.114539,0,0.031684,-0.113281,0.993058,0,-1.70074,-3.640485,0.13702,1],[0.646521,-0.760262,0.063621,0,0.752942,0.649295,0.107042,0,-0.122685,-0.021292,0.992218,0,1.16981,2.870036,-1.382568,1],[0.646521,-0.760262,0.063621,0,-0.089913,0.006887,0.995894,0,-0.757578,-0.649629,-0.063907,0,3.331941,5.006733,2.176934,1],[0.992124,-0.125235,-0.002332,0,0.125235,0.992127,-0.000204,0,0.002339,-0.00009,0.999997,0,-1.664801,-2.390162,-0.034978,1],[0.992546,-0.121869,0.000004,0,0.121869,0.992546,0.000001,0,-0.000004,0,1,0,-1.669693,-2.416806,-0.053507,1],[0.999989,-0.002915,0.003683,0,-0.001822,0.481825,0.876266,0,-0.004329,-0.876263,0.481814,0,0.421713,0.382172,2.080972,1],[1,-0.000003,-0.000011,0,0.000012,0.191095,0.981571,0,-0.000001,-0.981571,0.191095,0,0.421593,0.20479,2.256569,1]],"2.083333":[[0.885655,-0.464344,0,0,0.464344,0.885655,0,0,0,0,1,0,0.811928,3.297165,-0.355164,1],[0.885655,-0.464344,0,0,0.464344,0.885655,0,0,0,0,1,0,0.811928,3.297165,-0.355164,1],[0.885655,-0.464344,0,0,0.464344,0.885655,0,0,0,0,1,0,0.811929,3.297164,-0.35516,1],[0.885655,-0.451756,-0.107387,0,0.464344,0.861646,0.204821,0,0,-0.231266,0.972891,0,0.811928,5.704258,0.70237,1],[0.615582,-0.781568,-0.101053,0,0.543403,0.51383,-0.663846,0,0.570765,0.35374,0.74101,0,-2.584005,2.67261,3.394479,1],[-0.319699,-0.893464,0.315462,0,-0.055561,-0.314684,-0.947569,0,0.945889,-0.320464,0.050962,0,4.202136,9.56893,4.797586,1],[-0.279661,-0.86999,0.406088,0,-0.653085,-0.137656,-0.744669,0,0.703754,-0.473464,-0.52968,0,5.211823,10.22159,7.26206,1],[0.925191,-0.230555,0.301441,0,0.379383,0.54194,-0.749913,0,0.009533,0.808175,0.588866,0,0.533529,-5.85222,2.350739,1],[0.495957,0.49145,-0.715894,0,-0.624583,-0.370856,-0.687285,0,-0.60326,0.787999,0.123023,0,7.688673,-8.178066,10.194532,1],[0.633771,0.576847,-0.515347,0,0.167523,-0.752781,-0.636598,0,-0.755163,0.317124,-0.573726,0,8.198868,-5.585475,13.811321,1],[0.999493,0.031146,0.007751,0,-0.031543,0.910254,0.412815,0,0.005789,-0.41287,0.910778,0,-0.098471,1.588564,0.043955,1],[0.999492,0.031146,0.007751,0,-0.031996,0.951324,0.30649,0,0.002162,-0.306597,0.95184,0,-0.086189,1.228274,-0.093277,1],[0.992749,0.026411,-0.117336,0,-0.082408,0.859807,-0.503899,0,0.087591,0.509942,0.855745,0,-0.297963,-2.530081,1.190564,1],[0.992749,0.026411,-0.117336,0,-0.019721,0.998139,0.057578,0,0.118637,-0.054845,0.991422,0,-0.404039,-0.621091,0.722332,1],[0.952452,-0.304249,-0.016378,0,0.30251,0.937854,0.170053,0,-0.036379,-0.166922,0.985299,0,0.237898,3.78157,0.104101,1],[0.958137,-0.28631,-0.000001,0,0.28631,0.958137,-0.000001,0,0.000002,0.000001,1,0,0.171405,3.603309,-0.141919,1],[0.763153,-0.646213,0.002339,0,0.646215,0.763155,-0.000124,0,-0.001705,0.001606,0.999997,0,0.961113,3.570362,-0.014674,1],[0.760952,-0.648808,-0.000007,0,0.648808,0.760952,0,0,0.000005,-0.000005,1,0,0.975987,3.58551,-0.000022,1]],"2.5":[[0.998573,0.013386,-0.0517,0,-0.010886,0.998772,0.048341,0,0.052284,-0.04771,0.997492,0,-0.152519,0.18582,-0.232366,1],[0.999673,0.010586,-0.023261,0,-0.008251,0.995124,0.098284,0,0.024188,-0.09806,0.994887,0,0.064873,0.608244,-0.407189,1],[0.999673,0.010586,-0.023261,0,-0.008251,0.995124,0.098284,0,0.024188,-0.09806,0.994887,0,0.064874,0.608243,-0.407186,1],[0.999673,0.010586,-0.023261,0,-0.008251,0.995125,0.098284,0,0.024188,-0.09806,0.994887,0,0.064873,0.608243,-0.407185,1],[0.954065,-0.062869,-0.292929,0,0.140622,0.957313,0.252544,0,0.264547,-0.282136,0.922179,0,-1.999331,3.064702,2.507287,1],[0.737094,-0.156749,-0.65736,0,0.506689,0.771837,0.384101,0,0.447167,-0.616196,0.64834,0,-1.454938,6.745781,8.26429,1],[0.73885,-0.215251,-0.638566,0,0.50232,0.807593,0.308979,0,0.449194,-0.549054,0.704816,0,-1.486991,7.00443,7.712282,1],[0.956964,0.247927,0.150835,0,-0.186384,0.92346,-0.335386,0,-0.222442,0.292839,0.929928,0,2.836969,-4.58164,-0.54694,1],[0.719684,0.683823,0.120173,0,-0.385974,0.537921,-0.749443,0,-0.57713,0.492979,0.651071,0,6.723776,-7.750682,2.005175,1],[0.796394,0.541297,-0.269729,0,-0.344306,0.039139,-0.938041,0,-0.497202,0.839921,0.217541,0,6.022407,-9.424137,5.733952,1],[0.999001,-0.032554,-0.030606,0,-0.000145,0.682632,-0.730739,0,0.04468,0.730063,0.681942,0,-0.115175,-3.664531,1.365006,1],[0.999001,-0.032554,-0.030606,0,0.023811,0.967489,-0.251781,0,0.037807,0.25082,0.967297,0,-0.092304,-2.047399,0.391608,1],[0.998959,-0.030846,-0.033605,0,0.036186,0.984399,0.172181,0,0.02777,-0.173226,0.984492,0,-0.024249,1.14535,-0.281553,1],[0.998959,-0.030846,-0.033605,0,0.045611,0.681976,0.729927,0,0.000404,-0.730745,0.682676,0,0.068206,3.036888,0.730743,1],[0.993038,0.117795,0.000316,0,-0.091461,0.772719,-0.628124,0,-0.074234,0.623722,0.778113,0,0.087759,-3.538532,0.415467,1],[0.992549,0.121845,-0.000036,0,-0.094836,0.772346,-0.628082,0,-0.0765,0.623406,0.778147,0,0.090113,-3.571033,0.418301,1],[0.992542,-0.121829,0.004347,0,0.095121,0.796266,0.597421,0,-0.076244,-0.592552,0.801916,0,0.165446,3.446365,0.41994,1],[0.992549,-0.121848,0.000009,0,0.121848,0.992549,0,0,-0.000009,0.000001,1,0,0.160831,3.403472,-0.000108,1]],"2.583333":[[0.999103,0.013386,-0.040176,0,-0.011443,0.998772,0.048212,0,0.040772,-0.04771,0.998029,0,-0.088512,0.18582,-0.224256,1],[0.999924,0.00965,0.007682,0,-0.010358,0.995112,0.098212,0,-0.006696,-0.098284,0.995136,0,0.285727,0.616684,-0.534655,1],[0.999924,0.00965,0.007682,0,-0.010358,0.995112,0.098212,0,-0.006696,-0.098284,0.995136,0,0.285728,0.616683,-0.534652,1],[0.999924,0.00965,0.007681,0,-0.010358,0.995112,0.098212,0,-0.006696,-0.098284,0.995136,0,0.285727,0.616684,-0.534651,1],[0.962449,-0.078014,-0.26001,0,0.136503,0.966997,0.215138,0,0.234645,-0.242552,0.941334,0,-1.855786,2.795105,2.195639,1],[0.756535,-0.187049,-0.626631,0,0.497568,0.786446,0.365962,0,0.424359,-0.588656,0.688044,0,-1.475934,6.721049,7.802103,1],[0.757475,-0.244685,-0.605277,0,0.495676,0.818921,0.289263,0,0.424896,-0.519132,0.741597,0,-1.489794,6.955589,7.238686,1],[0.9528,0.225893,0.202843,0,-0.173473,0.953391,-0.246886,0,-0.249159,0.200045,0.947577,0,3.034432,-3.553119,-1.01294,1],[0.714347,0.637674,0.288236,0,-0.415439,0.717889,-0.55861,0,-0.563133,0.279298,0.777736,0,6.628162,-5.751164,0.143911,1],[0.774408,0.628875,-0.069353,0,-0.371424,0.363144,-0.8545,0,-0.512188,0.687491,0.5148,0,6.148908,-8.178231,2.754705,1],[0.998967,-0.041222,-0.019124,0,0.015946,0.712115,-0.70186,0,0.042551,0.700877,0.712034,0,-0.098769,-3.438141,1.210732,1],[0.998967,-0.041222,-0.019125,0,0.036347,0.977435,-0.208078,0,0.02727,0.207184,0.977923,0,-0.047391,-1.771793,0.302962,1],[0.998899,-0.031217,-0.035009,0,0.039238,0.965049,0.259106,0,0.025697,-0.260208,0.965213,0,-0.008204,1.622588,-0.090396,1],[0.998899,-0.031217,-0.035009,0,0.046767,0.719746,0.692637,0,0.003576,-0.693555,0.720417,0,0.066531,3.093003,0.730961,1],[0.992522,0.121708,-0.009334,0,-0.117863,0.935656,-0.332651,0,-0.031752,0.331264,0.943004,0,0.100152,-3.30145,0.271945,1],[0.992041,0.125646,-0.008292,0,-0.121233,0.935253,-0.332573,0,-0.034031,0.330931,0.943041,0,0.102455,-3.333074,0.26366,1],[0.991352,-0.13097,-0.008227,0,0.100991,0.721393,0.685122,0,-0.083796,-0.680028,0.728382,0,0.178232,3.695761,0.569372,1],[0.992549,-0.121845,0.000012,0,0.121845,0.992549,0,0,-0.000012,0.000001,1,0,0.160212,3.619648,-0.007271,1]],"2.666667":[[0.9995,0.013386,-0.028646,0,-0.011998,0.998772,0.048077,0,0.029254,-0.04771,0.998433,0,-0.023523,0.18582,-0.215408,1],[0.999216,0.008709,0.038618,0,-0.012464,0.9951,0.098085,0,-0.037574,-0.09849,0.994428,0,0.513322,0.625009,-0.654705,1],[0.999216,0.008709,0.038618,0,-0.012464,0.9951,0.098085,0,-0.037574,-0.09849,0.994428,0,0.513323,0.625008,-0.654701,1],[0.999216,0.008709,0.038618,0,-0.012464,0.9951,0.098085,0,-0.037574,-0.09849,0.994428,0,0.513322,0.625009,-0.654701,1],[0.96962,-0.093013,-0.2