{"vertexJointWeights":[{"0":0.5,"2":0.5},{"0":0.5,"2":0.5},{"0":0.5,"2":0.5},{"0":0.5,"2":0.5},{"0":0.5,"2":0.5},{"0":0.5,"2":0.5},{"0":0.5,"2":0.5},{"0":0.5,"2":0.5},{"1":1},{"1":1},{"1":1},{"1":1},{"1":1}],"jointNamePositionIndex":{"Bone":0,"Bone_001":1,"Bone_002":2},"keyframes":{"5":[[1,0,0,0,0,1,0,0,0,0,1,0,0,0,0,1],[1,0,0,0,0,1,0,0,0,0,1,0,0,0,0,1],[1,0,0,0,0,1,0,0,0,0,1,0,0,0,0,1]],"0.04166662":[[1,0,0,0,0,1,0,0,0,0,1,0,0,0,0,1],[1,0,0,0,0,1,0,0,0,0,1,0,0,0,0,1],[1,0,0,0,0,1,0,0,0,0,1,0,0,0,0,1]],"1.666667":[[1,0,0,0,0,1,0,0,0,0,1,0,0,0,0,1],[0.707107,0,-0.707107,0,0,1,0,0,0.707107,0,0.707107,0,-0.707107,0,0.292893,1],[1,0,0,0,0,1,0,0,0,0,1,0,0,0,0,1]],"3.333333":[[1,0,0,0,0,0.707107,0.707107,0,0,-0.707107,0.707107,0,0,0.287268,-0.693526,1],[0.707107,0.5,-0.5,0,0,0.707107,0.707107,0,0.707107,-0.5,0.5,0,-0.707107,0.080161,-0.486419,1],[1,0,0,0,0,1,0,0,0,0,1,0,0,0,0,1]]},"vertexNormalIndices":[0,0,0,1,1,1,2,2,2,3,3,3,4,4,4,5,5,5,6,6,6,7,7,7,8,8,8,9,9,9,10,10,10,11,11,11,12,12,12,13,13,13,14,14,14,15,15,15,16,16,16,0,0,0,17,17,17,18,18,18],"vertexNormals":[-1,0,0,0,-1,0,-0.8128987,0,-0.5824053,-0.006124079,-0.7838376,-0.6209357,-0.992536,0,0.1219522,0.06253963,0.9894556,0.1306393,0.9917991,0,0.1278071,-0.6447106,0,-0.7644268,0.8559165,0,-0.5171144,0.0520544,0.7937211,-0.6060504,0.04826325,-0.9937337,0.1008173,0.001148104,0.9932005,0.1164115,0.9947578,0,0.1022597,-0.993619,0,0.112789,0.001148104,-0.9932005,0.1164115,0.8016438,0,-0.5978022,-0.006124079,0.783838,-0.6209353,0.05419272,-0.7739317,-0.6309462,0,1,0],"vertexPositionIndices":[5,2,0,7,4,0,1,12,9,1,11,12,1,5,4,1,6,5,1,7,6,0,2,3,6,7,3,6,3,2,1,4,7,10,9,8,11,10,8,9,12,8,12,11,8,1,10,11,1,9,10,4,5,0,3,7,0,5,6,2],"vertexPositions":[-0.09206938,0.9010618,0.105222,-0.000870854,0.9807936,0.9598935,-0.09206938,1.084557,0.105222,0.03299951,0.9958133,-0.000259952,-0.09206938,0.9010618,0.2176536,-0.09206938,1.084557,0.2176536,0.1070614,1.084557,0.1223256,0.1070614,0.9010618,0.1223256,0.008732199,0.9807936,2.62334,-0.1555796,1.150644,1.17583,0.157852,1.150644,1.172739,0.157852,0.8109433,1.172739,-0.1555796,0.8109433,1.17583]}
