{"vertexJointWeights":[{"0":0.9314763,"1":0.06852364},{"0":0.9286439,"1":0.07135605},{"0":0.9314764,"1":0.06852364},{"0":0.928644,"1":0.07135605},{"0":0.4988206,"1":0.5011794},{"0":0.4987714,"1":0.5012286},{"0":0.4988206,"1":0.5011794},{"0":0.4987714,"1":0.5012286},{"0":0.004928231,"1":0.9950717},{"0":0.001406252,"1":0.9985937},{"0":0.001406252,"1":0.9985937},{"0":0.004928231,"1":0.9950717}],"jointNamePositionIndex":{"Bone":0,"Bone_001":1},"keyframes":{"5":[[1,0,0,0,0,1,0,0,0,0,1,0,0,0,0,1],[1,0,0,0,0,1,0,0,0,0,1,0,0,0,0,1]],"0.04166662":[[1,0,0,0,0,1,0,0,0,0,1,0,0,0,0,1],[1,0,0,0,0,1,0,0,0,0,1,0,0,0,0,1]],"1.666667":[[1,0,0,0,0,1,0,0,0,0,1,0,0,0,0,1],[0.707107,0,-0.707107,0,0,1,0,0,0.707107,0,0.707107,0,-0.707107,0,0.292893,1]],"3.333333":[[1,0,0,0,0,0.707107,0.707107,0,0,-0.707107,0.707107,0,0,0,0,1],[0.707107,0.5,-0.5,0,0,0.707107,0.707107,0,0.707107,-0.5,0.5,0,-0.707107,-0.207107,0.207107,1]]},"vertexNormalIndices":[0,0,0,1,1,1,2,2,2,3,3,3,4,4,4,5,5,5,6,6,6,7,7,7,8,8,8,9,9,9,10,10,10,1,1,1,11,11,11,12,12,12,13,13,13,14,14,14,15,15,15,7,7,7,16,16,16,9,9,9],"vertexNormals":[1.53265e-7,0,-1,-4.73091e-7,-1,0,1,-6.08259e-7,1.49012e-7,-4.73091e-7,-1,0,-1,2.70337e-7,0,2.02753e-7,1,0,5.65528e-7,0,1,1,-5.96495e-7,0,-1,2.23686e-7,0,2.70337e-7,1,0,-1.53265e-7,0,-1,1,0,0,0,-1,-1.35169e-7,-1,2.02753e-7,0,2.70337e-7,1,1.35169e-7,0,0,1,-1,2.23686e-7,0],"vertexPositionIndices":[1,2,3,5,9,11,4,5,1,5,6,2,2,6,7,0,3,7,10,11,9,4,8,9,6,11,10,7,10,8,0,1,3,6,5,11,0,4,1,1,5,2,3,2,7,4,0,7,8,10,9,5,4,9,7,6,10,4,7,8],"vertexPositions":[0.4409648,0.4409648,-1,0.4409648,-0.4409648,-1,-0.4409649,-0.4409647,-1,-0.4409646,0.4409649,-1,0.440965,0.4409646,1,0.4409645,-0.4409651,1,-0.4409649,-0.4409646,1,-0.4409648,0.4409648,1,0.440965,0.4409646,2.812839,0.4409645,-0.4409651,2.812839,-0.4409648,0.4409648,2.812839,-0.4409649,-0.4409646,2.812839]}
